10.2705115
10.2185048
10.2250214
10.2127881
10.8183449
10.2053464
10.1958042
11.0548334
10.2031322
10.204865
10.211152
10.193061
10.211665
10.214725
10.211118
10.207144
10.211081
10.209982
10.965343
10.214116
10.853578
10.223508
10.211926
10.213516
10.218001
10.206362
10.208755
10.218167
10.496896
10.263204
10.216095
10.218434
10.228417
10.261586
10.215302
10.212154
10.215713
10.216688
10.219154
10.219002
10.220748
10.206507
10.203703
10.207154
10.210623
10.971032
10.213662
10.203345
10.215433
10.210452
10.211381
10.211591
10.216924
10.205081
10.207958
10.910743
10.207495
10.204306
10.2082
10.212298
10.286426
10.960626
10.232322
10.235803
10.865059
10.236159
10.230361
10.233799
10.21575
10.231374
10.838989
10.226906
10.217602
10.920696
10.972347
10.929015
10.974982
10.202925
10.935762
10.246259
10.976225
10.227807
10.974701
10.235637
10.839562
10.217137
10.975393
10.963408
10.220589
10.974891
10.969148
10.232939
10.965393
10.219561
10.918992
10.96597
10.839967
10.968188
10.2262
10.22979
10.22307
10.22619
10.22675
10.2297
10.22429
10.9775
10.97246
10.92827
10.96501
10.92495
10.22296
10.97092
10.928
10.87949
10.92906
10.22671
10.9354
10.23083
10.93963
10.84739
10.85043
10.86091
11.602
11.0941
11.05951
12.06337
11.14975
10.22722
11.4047
12.42714
11.24806
11.25409
11.31611
10.24706
10.22909
10.97467
10.29845
10.98432
10.22834
10.97118
10.23813
10.22867
10.97521
10.22962
10.93579
10.97107
10.2234
10.22999
10.87211
10.95063
10.96273
10.2301
10.96811
10.91935
10.22767
10.96095
10.97254
10.23189
10.95216
10.21193
10.96132
10.62637
10.37767
10.22709
10.96971
10.92352
10.83943
10.96146
10.95754
10.84674
10.83413
10.92617
10.97004
10.92151
10.22101
10.21808
10.91007
10.95347
10.91591
10.95075
10.21536
10.22131
10.9098
11.03795
10.26539
10.27075
10.2636
10.26065
10.87954
10.25301
10.99947
10.87781
10.26061
11.00084
10.26392
11.02306
11.01728
10.91521
10.99891
10.99855
10.95441
11.00631
10.26722
10.97536
10.90319
11.0118
10.90237
10.26352
11.00514
10.25834
10.26213
10.94611
10.95936
11.0084
10.27342
10.26372
10.95995
10.95482
11.0161
10.27048
10.24776
10.99665
10.96845
10.96431
10.26417
10.25684
10.96612
11.00226
11.00259
10.95742
10.25611
10.86973
10.96502
10.25705
10.26214
11.0094
11.00535
10.26992
10.25398
10.26389
11.02152
10.27905
11.01443
11.02068
11.00723
10.24831
10.23991
10.9636
10.92374
10.82481
10.87904
10.95848
10.21747
10.21623
11.02456
11.02074
10.97701
10.24375
10.85794
10.23773
10.9793
10.85406
10.23055
10.97241
10.97962
10.22447
10.95392
10.97797
10.98169
10.23171
10.23949
10.97963
10.23024
10.9367
11.11561
11.27501
11.11553
10.22838
10.97712
10.84896
10.22224
10.95638
10.84854
10.21798
11.06375
10.53442
10.23815
10.23757
10.985
10.98319
10.98412
10.97807
11.16937
10.6846
12.87333
12.05362
13.30251
15.03001
15.0202
14.09368
13.34047
13.58343
14.42081
14.07661
12.94432
11.06883
10.25197
10.2588
10.98301
10.24448
10.258
10.2456
10.25582
10.89925
10.9335
10.26617
10.95433
10.95526
10.99174
10.25861
10.86351
11.02228
10.25143
10.25758
10.25064
10.26129
11.00679
10.25713
10.27082
10.26174
10.93489
10.99661
10.99009
11.00466
10.90699
10.2578
11.00466
10.27663
11.02865
10.28446
10.97764
10.27147
10.26475
11.00206
10.26938
10.27034
10.26343
10.26084
10.25952
10.25719
10.98126
11.0488
10.27164
10.26829
10.27302
10.25423
10.98054
10.26707
10.26845
10.97872
11.00837
11.011
11.0168
10.25426
10.2716
10.27975
10.88019
10.27155
11.0163
10.26705
10.97927
11.01121
10.91964
10.89599
11.0067
10.9006
10.27225
11.00649
10.82603
10.97645
10.22603
10.23257
10.22536
11.11097
11.02727
10.98738
10.89258
10.23919
10.24191
10.98203
10.97758
10.93552
10.86666
11.05013
10.93351
10.96138
10.22638
10.22906
10.96642
10.23214
11.34053
11.15249
11.30355
10.45433
10.25173
10.98439
10.97909
10.55572
10.50902
10.32742
11.01776
11.22865
11.34601
10.52709
10.45863
12.08522
12.57237
11.5501
12.43154
11.64336
12.22584
12.27003
11.94311
12.15551
11.33078
11.8934
11.22135
12.36551
11.20968
10.94307
10.9893
10.94021
10.24561
10.95579
10.24204
10.97608
10.91858
5.022399
12.58329
10.35833
10.98643
10.92585
10.95735
10.93261
10.93176
10.92746
10.96135
10.95939
10.90833
10.96772
10.22426
10.93967
10.9912
10.23981
10.24127
10.24065
10.94748
10.98301
10.25175
10.98349
10.96011
10.95122
10.2414
10.96193
10.98372
10.8543
10.25569
10.99371
10.25584
10.24157
10.9897
10.98149
10.26583
10.24722
10.25579
11.0023
10.26444
10.98543
10.99986
10.99312
10.25027
10.25206
10.24556
10.25305
10.99629
10.86584
10.24996
10.98849
10.99671
10.95824
10.24769
10.25966
10.99174
10.26154
10.90942
10.25871
10.25728
10.25246
10.99095
10.98885
10.9889
10.98983
10.94293
11.00676
10.91175
10.94978
10.25178
10.25109
10.8462
10.96769
10.83656
10.96552
10.21841
10.96771
10.91356
11.02347
10.51535
10.95157
10.21524
10.48634
13.86023
12.97848
12.53428
12.70882
10.86655
10.95333
11.90384
10.49533
10.95567
11.70776
11.87896
10.4881
12.19565
11.11378
10.2266
10.21914
10.96289
10.96577
10.2317
10.96876
10.23813
10.85534
10.93133
10.96727
12.69558
12.6088
12.00057
10.86172
10.4501
12.55641
